# Created by Octave 3.6.4, Thu Jun 13 23:18:57 2013 CST <ian@ian-tp>
# name: yourPredictions
# type: matrix
# rows: 90
# columns: 1
 2
 2
 2
 2
 2
 2
 1
 2
 2
 2
 1
 1
 2
 1
 1
 1
 2
 1
 2
 2
 2
 2
 2
 2
 1
 2
 2
 1
 2
 1
 1
 1
 2
 1
 2
 2
 2
 1
 1
 1
 2
 2
 2
 2
 2
 1
 2
 2
 2
 2
 1
 2
 2
 2
 2
 1
 2
 2
 2
 2
 2
 2
 1
 1
 1
 2
 2
 2
 2
 2
 2
 1
 2
 1
 2
 2
 1
 2
 2
 2
 1
 2
 1
 2
 2
 2
 2
 2
 1
 2


